comp12103_c0_seq1	comp104752_seq0	99.83	583	1	0	1	583	583	1	0.0	1148
comp12103_c0_seq1	comp146571_seq0	96.05	76	3	0	1	76	250	325	1e-27	 127
comp85535_c0_seq1	comp57139_seq1	98.25	743	13	0	1	743	11	753	0.0	1370
comp85535_c0_seq1	comp57139_seq0	96.64	536	16	2	1	535	11	545	0.0	 904
comp85535_c0_seq1	comp57139_seq0	88.19	144	16	1	601	743	571	714	3e-32	 143
comp85535_c0_seq1	comp91913_seq0	99.10	223	2	0	217	439	1	223	1e-117	 426
comp85535_c0_seq1	comp99033_seq0	89.76	205	21	0	20	224	205	1	2e-61	 240
comp85535_c0_seq2	comp57139_seq0	99.77	3494	8	0	226	3719	181	3674	0.0	6684
comp85535_c0_seq2	comp57139_seq0	100.00	172	0	0	1	172	11	182	3e-91	 341
comp85535_c0_seq2	comp57139_seq1	99.42	3104	17	1	616	3719	611	3713	0.0	5824
comp85535_c0_seq2	comp57139_seq1	95.08	366	16	2	226	590	181	545	3e-159	 567
comp85535_c0_seq2	comp57139_seq1	100.00	172	0	0	1	172	11	182	3e-91	 341
comp85535_c0_seq2	comp91913_seq0	99.12	227	2	0	272	498	1	227	3e-119	 434
comp85535_c0_seq2	comp144703_seq0	84.98	466	61	5	861	1322	544	84	4e-90	 337
comp85535_c0_seq2	comp201762_seq0	86.63	172	20	1	1543	1711	67	238	4e-35	 155
comp85535_c0_seq2	comp99033_seq0	87.58	153	19	0	20	172	205	53	1e-34	 153
comp85535_c0_seq2	comp99033_seq0	96.30	54	2	0	226	279	54	1	4e-16	91.7
comp85535_c0_seq2	comp207855_seq0	82.83	233	40	0	3308	3540	1	233	3e-32	 145
comp85535_c0_seq2	comp17230_seq0	97.78	45	1	0	3675	3719	42	86	4e-13	81.8
comp85535_c0_seq2	comp1712_seq8	97.78	45	1	0	3675	3719	41	85	4e-13	81.8
comp85535_c0_seq2	comp1712_seq7	97.78	45	1	0	3675	3719	41	85	4e-13	81.8
comp85535_c0_seq2	comp1712_seq6	97.78	45	1	0	3675	3719	41	85	4e-13	81.8
comp85535_c0_seq2	comp1712_seq5	97.78	45	1	0	3675	3719	41	85	4e-13	81.8
comp85535_c0_seq2	comp1712_seq3	97.78	45	1	0	3675	3719	41	85	4e-13	81.8
comp85535_c0_seq2	comp1712_seq2	97.78	45	1	0	3675	3719	41	85	4e-13	81.8
comp85535_c0_seq2	comp1712_seq1	97.78	45	1	0	3675	3719	41	85	4e-13	81.8
comp85535_c0_seq2	comp892_seq7	97.78	45	1	0	3675	3719	3799	3843	4e-13	81.8
comp85535_c0_seq2	comp892_seq6	97.78	45	1	0	3675	3719	3809	3853	4e-13	81.8
comp85535_c0_seq2	comp892_seq5	97.78	45	1	0	3675	3719	3809	3853	4e-13	81.8
comp85535_c0_seq2	comp892_seq4	97.78	45	1	0	3675	3719	3802	3846	4e-13	81.8
comp85535_c0_seq2	comp892_seq3	97.78	45	1	0	3675	3719	3844	3888	4e-13	81.8
comp85535_c0_seq2	comp892_seq2	97.78	45	1	0	3675	3719	3844	3888	4e-13	81.8
comp85535_c0_seq2	comp892_seq0	97.78	45	1	0	3675	3719	3841	3885	4e-13	81.8
comp85535_c0_seq2	comp372_seq11	97.73	44	1	0	172	215	4741	4784	2e-12	79.8
comp85535_c0_seq2	comp372_seq0	97.73	44	1	0	172	215	4741	4784	2e-12	79.8
comp85535_c0_seq2	comp1447_seq5	92.73	55	4	0	172	226	234	180	7e-12	77.8
comp85535_c0_seq2	comp1447_seq1	92.73	55	4	0	172	226	234	180	7e-12	77.8
comp85535_c0_seq2	comp1447_seq0	92.73	55	4	0	172	226	234	180	7e-12	77.8
comp85535_c0_seq3	comp57139_seq1	97.73	573	13	0	226	798	181	753	0.0	1033
comp85535_c0_seq3	comp57139_seq1	100.00	172	0	0	1	172	11	182	6e-92	 341
comp85535_c0_seq3	comp57139_seq0	95.08	366	16	2	226	590	181	545	6e-160	 567
comp85535_c0_seq3	comp57139_seq0	100.00	172	0	0	1	172	11	182	6e-92	 341
comp85535_c0_seq3	comp57139_seq0	88.19	144	16	1	656	798	571	714	3e-32	 143
comp85535_c0_seq3	comp91913_seq0	99.10	223	2	0	272	494	1	223	1e-117	 426
comp85535_c0_seq3	comp99033_seq0	87.58	153	19	0	20	172	205	53	3e-35	 153
comp85535_c0_seq3	comp99033_seq0	96.30	54	2	0	226	279	54	1	9e-17	91.7
comp85535_c0_seq3	comp372_seq11	97.73	44	1	0	172	215	4741	4784	4e-13	79.8
comp85535_c0_seq3	comp372_seq0	97.73	44	1	0	172	215	4741	4784	4e-13	79.8
comp85535_c0_seq3	comp1447_seq5	92.73	55	4	0	172	226	234	180	1e-12	77.8
comp85535_c0_seq3	comp1447_seq1	92.73	55	4	0	172	226	234	180	1e-12	77.8
comp85535_c0_seq3	comp1447_seq0	92.73	55	4	0	172	226	234	180	1e-12	77.8
comp94550_c0_seq1	comp14738_seq2	94.77	3402	167	3	291	3688	3601	207	0.0	5152
comp94550_c0_seq1	comp14738_seq2	95.76	236	10	0	1	236	3910	3675	1e-105	 389
comp94550_c0_seq1	comp14738_seq1	94.77	3402	167	3	291	3688	3601	207	0.0	5152
comp94550_c0_seq1	comp14738_seq1	95.76	236	10	0	1	236	3910	3675	1e-105	 389
comp94550_c0_seq1	comp14738_seq3	93.69	3408	198	4	291	3688	3606	206	0.0	4873
comp94550_c0_seq1	comp14738_seq3	95.76	236	10	0	1	236	3915	3680	1e-105	 389
comp94550_c0_seq1	comp14738_seq0	95.12	2948	144	0	741	3688	3154	207	0.0	4530
comp94550_c0_seq1	comp14738_seq0	91.18	760	54	4	1	754	3862	3110	0.0	 878
comp94550_c0_seq1	comp31338_seq0	99.78	459	1	0	296	754	554	96	0.0	 902
comp94550_c0_seq1	comp31338_seq0	98.43	127	2	0	754	880	127	1	1e-59	 236
comp94550_c0_seq1	comp31338_seq1	96.51	459	10	1	296	754	548	96	0.0	 785
comp94550_c0_seq1	comp31338_seq1	98.43	127	2	0	754	880	127	1	1e-59	 236
comp94550_c0_seq1	comp68610_seq0	84.82	639	82	2	2048	2683	627	1	2e-141	 507
comp94550_c0_seq1	comp51820_seq1	97.98	247	4	1	3518	3763	1	247	1e-121	 442
comp94550_c0_seq1	comp51820_seq0	97.98	247	4	1	3518	3763	1	247	1e-121	 442
comp94550_c0_seq1	comp43040_seq0	87.37	198	22	1	1862	2059	1	195	7e-46	 190
comp94550_c0_seq1	comp126531_seq0	89.10	156	17	0	2966	3121	1	156	4e-41	 174
comp94550_c0_seq1	comp37509_seq0	88.06	134	16	0	768	901	410	277	2e-30	 139
comp94550_c0_seq1	comp37509_seq0	89.47	95	10	0	140	234	1055	961	2e-21	 109
comp94550_c0_seq1	comp37509_seq0	84.78	138	21	0	1017	1154	179	42	8e-21	 107
comp94550_c0_seq1	comp9130_seq1	93.55	62	4	0	1	62	62	1	4e-16	91.7
comp94550_c0_seq1	comp9130_seq0	93.55	62	4	0	1	62	62	1	4e-16	91.7
comp94550_c0_seq1	comp45162_seq3	86.67	90	12	0	3536	3625	827	738	1e-13	83.8
comp94550_c0_seq1	comp45162_seq2	86.67	90	12	0	3536	3625	827	738	1e-13	83.8
comp94550_c0_seq1	comp45162_seq1	86.67	90	12	0	3536	3625	529	440	1e-13	83.8
comp94550_c0_seq1	comp45162_seq0	86.67	90	12	0	3536	3625	827	738	1e-13	83.8
comp100937_c0_seq1	comp26151_seq0	99.73	3277	7	1	1	3277	3275	1	0.0	6264
comp100937_c0_seq1	comp26151_seq1	99.33	3284	13	2	1	3277	3282	1	0.0	6179
comp100937_c0_seq1	comp26151_seq2	99.91	2334	2	0	1	2334	2589	256	0.0	4563
comp100937_c0_seq1	comp26151_seq2	97.69	260	6	0	3018	3277	260	1	3e-129	 468
comp100937_c0_seq1	comp3651_seq4	100.00	1184	0	0	3021	4204	2183	1000	0.0	2258
comp100937_c0_seq1	comp3651_seq4	99.89	933	1	0	4269	5201	935	3	0.0	1770
comp100937_c0_seq1	comp59665_seq0	90.91	220	20	0	4862	5081	362	143	5e-72	 278
comp100937_c0_seq1	comp113646_seq0	86.32	190	25	1	2613	2801	173	362	2e-37	 163
comp102279_c0_seq5	comp9789_seq0	99.63	3768	14	0	1952	5719	4462	695	0.0	7281
comp102279_c0_seq5	comp9789_seq0	99.85	667	1	0	5747	6413	667	1	0.0	1225
comp102279_c0_seq5	comp9789_seq0	100.00	188	0	0	1701	1888	4713	4526	1e-100	 373
comp102279_c0_seq5	comp9789_seq3	99.60	3764	15	0	1952	5715	4456	693	0.0	7265
comp102279_c0_seq5	comp9789_seq3	99.85	667	1	0	5747	6413	667	1	0.0	1225
comp102279_c0_seq5	comp9789_seq3	100.00	188	0	0	1701	1888	4707	4520	1e-100	 373
comp102279_c0_seq5	comp9789_seq4	99.73	3737	10	0	1983	5719	4431	695	0.0	7251
comp102279_c0_seq5	comp9789_seq4	99.85	667	1	0	5747	6413	667	1	0.0	1225
comp102279_c0_seq5	comp9789_seq4	100.00	188	0	0	1701	1888	5401	5214	1e-100	 373
comp102279_c0_seq5	comp9789_seq1	99.73	3737	10	0	1983	5719	4431	695	0.0	7251
comp102279_c0_seq5	comp9789_seq1	99.85	667	1	0	5747	6413	667	1	0.0	1225
comp102279_c0_seq5	comp9789_seq1	100.00	188	0	0	1701	1888	5401	5214	1e-100	 373
comp102279_c0_seq5	comp9789_seq5	99.60	3733	15	0	1983	5715	4425	693	0.0	7204
comp102279_c0_seq5	comp9789_seq5	99.85	667	1	0	5747	6413	667	1	0.0	1225
comp102279_c0_seq5	comp9789_seq5	100.00	188	0	0	1701	1888	5395	5208	1e-100	 373
comp102279_c0_seq5	comp9789_seq6	99.39	3764	20	1	1952	5715	4461	701	0.0	7198
comp102279_c0_seq5	comp9789_seq6	96.15	675	18	1	5747	6413	675	1	0.0	1072
comp102279_c0_seq5	comp9789_seq6	100.00	188	0	0	1701	1888	4712	4525	1e-100	 373
comp102279_c0_seq5	comp9789_seq7	99.44	3733	18	1	1983	5715	4430	701	0.0	7152
comp102279_c0_seq5	comp9789_seq7	96.15	675	18	1	5747	6413	675	1	0.0	1072
comp102279_c0_seq5	comp43667_seq0	100.00	1364	0	0	1	1364	1889	526	0.0	2585
comp102279_c0_seq5	comp43667_seq0	100.00	486	0	0	1403	1888	487	2	0.0	 963
comp102279_c0_seq5	comp43667_seq1	96.37	1379	29	4	1	1364	1898	526	0.0	2258
comp102279_c0_seq5	comp43667_seq1	99.59	486	2	0	1403	1888	487	2	0.0	 948
comp102279_c0_seq5	comp68249_seq0	89.18	231	25	0	1405	1635	231	1	1e-66	 260
comp102279_c0_seq7	comp9789_seq0	99.63	3768	14	0	3540	7307	4462	695	0.0	7281
comp102279_c0_seq7	comp9789_seq0	98.39	2795	45	0	682	3476	7320	4526	0.0	5184
comp102279_c0_seq7	comp9789_seq0	99.85	667	1	0	7335	8001	667	1	0.0	1225
comp102279_c0_seq7	comp9789_seq3	99.60	3764	15	0	3540	7303	4456	693	0.0	7265
comp102279_c0_seq7	comp9789_seq3	98.39	2795	45	0	682	3476	7314	4520	0.0	5184
comp102279_c0_seq7	comp9789_seq3	99.85	667	1	0	7335	8001	667	1	0.0	1225
comp102279_c0_seq7	comp9789_seq4	99.73	3737	10	0	3571	7307	4431	695	0.0	7251
comp102279_c0_seq7	comp9789_seq4	96.81	2099	58	3	682	2779	8076	5986	0.0	3618
comp102279_c0_seq7	comp9789_seq4	99.43	701	4	0	2776	3476	5914	5214	0.0	1358
comp102279_c0_seq7	comp9789_seq4	99.85	667	1	0	7335	8001	667	1	0.0	1225
comp102279_c0_seq7	comp9789_seq1	99.73	3737	10	0	3571	7307	4431	695	0.0	7251
comp102279_c0_seq7	comp9789_seq1	97.46	2796	62	3	682	3476	8001	5214	0.0	4968
comp102279_c0_seq7	comp9789_seq1	99.85	667	1	0	7335	8001	667	1	0.0	1225
comp102279_c0_seq7	comp9789_seq5	99.60	3733	15	0	3571	7303	4425	693	0.0	7204
comp102279_c0_seq7	comp9789_seq5	98.14	2098	39	0	682	2779	8077	5980	0.0	3850
comp102279_c0_seq7	comp9789_seq5	99.14	701	6	0	2776	3476	5908	5208	0.0	1342
comp102279_c0_seq7	comp9789_seq5	99.85	667	1	0	7335	8001	667	1	0.0	1225
comp102279_c0_seq7	comp9789_seq6	99.39	3764	20	1	3540	7303	4461	701	0.0	7198
comp102279_c0_seq7	comp9789_seq6	95.67	2101	79	6	682	2779	7388	5297	0.0	3408
comp102279_c0_seq7	comp9789_seq6	98.72	701	9	0	2776	3476	5225	4525	0.0	1318
comp102279_c0_seq7	comp9789_seq6	96.15	675	18	1	7335	8001	675	1	0.0	1072
comp102279_c0_seq7	comp9789_seq7	99.44	3733	18	1	3571	7303	4430	701	0.0	7152
comp102279_c0_seq7	comp9789_seq7	95.67	2101	79	6	682	2779	7106	5015	0.0	3408
comp102279_c0_seq7	comp9789_seq7	96.15	675	18	1	7335	8001	675	1	0.0	1072
comp102279_c0_seq7	comp9789_seq7	98.25	515	9	0	2776	3290	4943	4429	0.0	 950
comp102279_c0_seq7	comp37099_seq2	99.57	698	3	0	1	698	210	907	0.0	1360
comp102279_c0_seq7	comp37099_seq2	98.51	201	3	0	24	224	201	1	4e-101	 375
comp102279_c0_seq7	comp37099_seq0	98.14	698	4	1	1	698	210	898	0.0	1289
comp102279_c0_seq7	comp37099_seq0	98.51	201	3	0	24	224	201	1	4e-101	 375
comp102279_c0_seq7	comp37099_seq1	97.85	698	6	1	1	698	210	898	0.0	1273
comp102279_c0_seq7	comp37099_seq1	98.51	201	3	0	24	224	201	1	4e-101	 375
comp102279_c0_seq7	comp43667_seq1	100.00	188	0	0	3289	3476	189	2	2e-100	 373
comp102279_c0_seq7	comp43667_seq0	100.00	188	0	0	3289	3476	189	2	2e-100	 373
comp102279_c0_seq7	comp275715_seq0	89.10	211	19	2	686	892	400	610	1e-55	 224
comp102279_c0_seq7	comp217_seq1	80.80	474	72	5	1	470	420	878	2e-50	 206
comp102279_c0_seq7	comp53712_seq1	94.03	67	4	0	648	714	2	68	1e-18	 101
comp102279_c0_seq7	comp53712_seq0	94.03	67	4	0	648	714	2	68	1e-18	 101
comp102279_c0_seq7	comp217_seq4	90.36	83	8	0	1	83	420	502	1e-18	 101
comp102279_c0_seq7	comp217_seq3	90.36	83	8	0	1	83	420	502	1e-18	 101
comp102279_c0_seq7	comp113_seq9	88.10	84	10	0	632	715	926	1009	1e-14	87.7
comp102279_c0_seq7	comp113_seq8	88.10	84	10	0	632	715	926	1009	1e-14	87.7
comp102279_c0_seq7	comp113_seq7	88.10	84	10	0	632	715	926	1009	1e-14	87.7
comp102279_c0_seq7	comp113_seq6	88.10	84	10	0	632	715	926	1009	1e-14	87.7
comp102279_c0_seq7	comp113_seq5	88.10	84	10	0	632	715	926	1009	1e-14	87.7
comp102279_c0_seq7	comp113_seq4	88.10	84	10	0	632	715	926	1009	1e-14	87.7
comp102279_c0_seq7	comp113_seq3	88.10	84	10	0	632	715	926	1009	1e-14	87.7
comp102279_c0_seq7	comp113_seq2	88.10	84	10	0	632	715	926	1009	1e-14	87.7
comp102279_c0_seq7	comp113_seq1	88.10	84	10	0	632	715	926	1009	1e-14	87.7
comp102279_c0_seq8	comp9789_seq4	99.75	4456	11	0	1952	6407	5150	695	0.0	8627
comp102279_c0_seq8	comp9789_seq4	99.85	667	1	0	6435	7101	667	1	0.0	1225
comp102279_c0_seq8	comp9789_seq4	100.00	188	0	0	1701	1888	5401	5214	2e-100	 373
comp102279_c0_seq8	comp9789_seq1	99.75	4456	11	0	1952	6407	5150	695	0.0	8627
comp102279_c0_seq8	comp9789_seq1	99.85	667	1	0	6435	7101	667	1	0.0	1225
comp102279_c0_seq8	comp9789_seq1	100.00	188	0	0	1701	1888	5401	5214	2e-100	 373
comp102279_c0_seq8	comp9789_seq5	99.64	4452	16	0	1952	6403	5144	693	0.0	8580
comp102279_c0_seq8	comp9789_seq5	99.85	667	1	0	6435	7101	667	1	0.0	1225
comp102279_c0_seq8	comp9789_seq5	100.00	188	0	0	1701	1888	5395	5208	2e-100	 373
comp102279_c0_seq8	comp9789_seq0	99.63	3737	14	0	2671	6407	4431	695	0.0	7220
comp102279_c0_seq8	comp9789_seq0	99.85	667	1	0	6435	7101	667	1	0.0	1225
comp102279_c0_seq8	comp9789_seq0	100.00	188	0	0	1701	1888	4713	4526	2e-100	 373
comp102279_c0_seq8	comp9789_seq3	99.60	3733	15	0	2671	6403	4425	693	0.0	7204
comp102279_c0_seq8	comp9789_seq3	99.85	667	1	0	6435	7101	667	1	0.0	1225
comp102279_c0_seq8	comp9789_seq3	100.00	188	0	0	1701	1888	4707	4520	2e-100	 373
comp102279_c0_seq8	comp9789_seq7	99.44	3733	18	1	2671	6403	4430	701	0.0	7152
comp102279_c0_seq8	comp9789_seq7	96.15	675	18	1	6435	7101	675	1	0.0	1072
comp102279_c0_seq8	comp9789_seq6	99.38	3733	20	1	2671	6403	4430	701	0.0	7136
comp102279_c0_seq8	comp9789_seq6	96.15	675	18	1	6435	7101	675	1	0.0	1072
comp102279_c0_seq8	comp9789_seq6	100.00	188	0	0	1701	1888	4712	4525	2e-100	 373
comp102279_c0_seq8	comp43667_seq0	100.00	1364	0	0	1	1364	1889	526	0.0	2585
comp102279_c0_seq8	comp43667_seq0	100.00	486	0	0	1403	1888	487	2	0.0	 963
comp102279_c0_seq8	comp43667_seq1	96.37	1379	29	4	1	1364	1898	526	0.0	2258
comp102279_c0_seq8	comp43667_seq1	99.59	486	2	0	1403	1888	487	2	0.0	 948
comp102279_c0_seq8	comp68249_seq0	89.18	231	25	0	1405	1635	231	1	2e-66	 260
comp102609_c0_seq3	comp3651_seq9	99.25	6760	45	3	5039	11792	509	7268	0.0	1.271e+04
comp102609_c0_seq3	comp3651_seq0	99.04	6761	58	4	5039	11792	509	7269	0.0	1.259e+04
comp102609_c0_seq3	comp3651_seq2	98.89	6764	65	5	5039	11792	1340	8103	0.0	1.251e+04
comp102609_c0_seq3	comp3651_seq7	98.57	6769	76	10	5039	11792	509	7271	0.0	1.232e+04
comp102609_c0_seq3	comp3651_seq8	98.43	6769	85	10	5039	11792	509	7271	0.0	1.225e+04
comp102609_c0_seq3	comp3651_seq3	98.43	6768	87	11	5039	11792	509	7271	0.0	1.224e+04
comp102609_c0_seq3	comp3651_seq6	98.04	5145	88	6	5039	10172	1342	6484	0.0	9228
comp102609_c0_seq3	comp3651_seq6	90.22	1513	136	9	10287	11792	6619	8126	0.0	1624
comp102609_c0_seq3	comp3651_seq5	98.04	5145	88	6	5039	10172	1342	6484	0.0	9228
comp102609_c0_seq3	comp3651_seq5	90.22	1513	136	9	10287	11792	6619	8126	0.0	1624
comp102609_c0_seq3	comp3651_seq11	97.75	5145	94	10	5039	10172	1097	6230	0.0	9093
comp102609_c0_seq3	comp3651_seq11	91.39	1509	122	7	10287	11792	6365	7868	0.0	1770
comp102609_c0_seq3	comp3651_seq10	97.75	5145	94	10	5039	10172	1340	6473	0.0	9093
comp102609_c0_seq3	comp3651_seq10	91.39	1509	122	7	10287	11792	6608	8111	0.0	1770
comp102609_c0_seq3	comp3651_seq4	97.37	3082	73	6	8718	11792	2182	5262	0.0	5287
comp102609_c0_seq3	comp36206_seq0	99.91	1121	1	0	1824	2944	796	1916	0.0	2077
comp102609_c0_seq3	comp36206_seq0	99.02	611	6	0	1029	1639	1	611	0.0	1164
comp102609_c0_seq3	comp36206_seq0	100.00	66	0	0	1695	1760	667	732	2e-27	 131
comp102609_c0_seq3	comp3651_seq1	92.18	1508	111	6	10287	11792	976	2478	0.0	1871
comp102609_c0_seq3	comp3651_seq1	83.98	849	120	6	9332	10172	1	841	9e-162	 577
comp102609_c0_seq3	comp37665_seq1	99.47	948	5	0	3	950	986	39	0.0	1798
comp102609_c0_seq3	comp37665_seq0	99.05	949	8	1	3	950	987	39	0.0	1760
comp102609_c0_seq3	comp37665_seq2	98.00	950	17	2	3	950	988	39	0.0	1675
comp102609_c0_seq3	comp33377_seq1	100.00	293	0	0	830	1122	293	1	6e-163	 581
comp102609_c0_seq3	comp33377_seq0	100.00	293	0	0	830	1122	293	1	6e-163	 581
comp102609_c0_seq3	comp94063_seq1	79.26	1360	254	8	5102	6454	96	1434	2e-119	 436
comp102609_c0_seq3	comp94063_seq1	85.62	146	21	0	6604	6749	1585	1730	4e-25	 123
comp102609_c0_seq3	comp94063_seq0	79.04	1360	257	8	5102	6454	96	1434	3e-112	 412
comp102609_c0_seq3	comp94063_seq0	85.62	146	21	0	6604	6749	1585	1730	4e-25	 123
comp102609_c0_seq3	comp101385_seq0	81.64	523	85	7	8274	8794	1	514	9e-57	 228
comp102609_c0_seq3	comp154411_seq0	82.25	293	52	0	4771	5063	81	373	8e-39	 168
comp102609_c0_seq3	comp154411_seq0	90.12	81	8	0	4509	4589	1	81	2e-17	97.6
comp102609_c0_seq3	comp3692_seq1	84.97	193	17	2	895	1087	496	676	3e-35	 157
comp102609_c0_seq3	comp3692_seq0	84.97	193	17	2	895	1087	495	675	3e-35	 157
comp102609_c0_seq3	comp147672_seq1	81.52	395	70	3	7372	7766	62	453	4e-34	 153
comp102609_c0_seq3	comp147672_seq0	81.52	395	70	3	7372	7766	62	453	4e-34	 153
comp102609_c0_seq3	comp740_seq1	96.63	89	3	0	1	89	4916	5004	4e-34	 153
comp102609_c0_seq3	comp740_seq0	96.63	89	3	0	1	89	4861	4949	4e-34	 153
comp102609_c0_seq3	comp3692_seq2	89.21	139	14	1	949	1087	539	676	7e-33	 149
comp102609_c0_seq3	comp71442_seq0	87.17	187	17	5	325	506	185	1	1e-31	 145
comp102609_c0_seq3	comp14140_seq2	89.84	128	12	1	1	127	249	376	4e-31	 143
comp102609_c0_seq3	comp14140_seq1	89.84	128	12	1	1	127	248	375	4e-31	 143
comp102609_c0_seq3	comp14140_seq0	89.84	128	12	1	1	127	249	376	4e-31	 143
comp102609_c0_seq3	comp52448_seq0	84.62	182	28	0	29	210	329	148	7e-30	 139
comp102609_c0_seq3	comp1060_seq6	89.08	119	12	1	1011	1129	1083	1200	1e-25	 125
comp102609_c0_seq3	comp1060_seq2	89.08	119	12	1	1011	1129	1083	1200	1e-25	 125
comp102609_c0_seq3	comp160581_seq0	88.89	135	11	4	35	166	495	362	2e-23	 117
comp102609_c0_seq3	comp49725_seq0	82.61	207	35	1	10851	11056	704	498	2e-23	 117
comp102609_c0_seq3	comp162281_seq0	82.57	218	35	3	1023	1240	305	91	2e-20	 107
comp102609_c0_seq3	comp113646_seq0	87.62	105	13	0	4242	4346	121	17	9e-20	 105
comp102609_c0_seq3	comp208667_seq0	88.18	110	9	3	895	1002	216	109	4e-16	93.7
comp102609_c0_seq3	comp123333_seq0	91.55	71	6	0	687	757	223	293	4e-16	93.7
comp102609_c0_seq3	comp23751_seq1	87.76	98	10	2	45	141	496	400	3e-13	83.8
comp102609_c0_seq3	comp23751_seq0	87.76	98	10	2	45	141	485	389	3e-13	83.8
comp102609_c0_seq3	comp192405_seq0	87.06	85	11	0	8116	8200	108	192	1e-12	81.8
comp102609_c0_seq3	comp21468_seq0	87.21	86	10	1	949	1034	85	1	8e-11	75.8
comp102609_c0_seq3	comp1060_seq9	87.80	82	9	1	7	88	2922	3002	8e-11	75.8
comp102609_c0_seq3	comp1060_seq7	87.80	82	9	1	7	88	2922	3002	8e-11	75.8
comp102609_c0_seq3	comp1060_seq5	87.80	82	9	1	7	88	2924	3004	8e-11	75.8
comp102609_c0_seq3	comp1060_seq4	87.80	82	9	1	7	88	2925	3005	8e-11	75.8
comp102609_c0_seq3	comp1060_seq3	87.80	82	9	1	7	88	2925	3005	8e-11	75.8
comp102609_c0_seq3	comp1060_seq1	87.80	82	9	1	7	88	2924	3004	8e-11	75.8
comp102609_c0_seq3	comp1060_seq0	87.80	82	9	1	7	88	2925	3005	8e-11	75.8
comp849619_c0_seq1	comp57450_seq0	98.10	1208	23	0	1	1208	261	1468	0.0	2179
comp849619_c0_seq1	comp57450_seq1	97.85	1208	26	0	1	1208	261	1468	0.0	2155
comp939723_c0_seq1	comp92213_seq1	98.30	1234	21	0	1	1234	1234	1	0.0	2280
comp939723_c0_seq1	comp92213_seq0	98.14	1234	23	0	1	1234	1234	1	0.0	2264
comp1006884_c0_seq1	comp92845_seq0	99.02	305	2	1	1	304	305	1	4e-162	 573
